CNN Model
loss : 1.3862452507019043
accuracy : 0.2612137198448181