CNN Model
loss : 0.8636915683746338
accuracy : 0.7229551672935486