CNN Model
loss : 0.7637916207313538
accuracy : 0.7467018365859985